time: 0.8730692863464355 0.32979297637939453 0.543276309967041
time: 0:02.01 peak memory: 1826688Kb
